mpiCC -c multmat.cc
mpiCC -c fox.cc
mpiCC -c dns.cc
mpiCC -c cannon.cc
mpiCC multmat.o fox.o dns.o cannon.o -o multmat
mpirun -np 9 multmat 1 17 3
%matrice complete A
-5 7 9 8 0 5 -1 6 -2
-3 9 9 -3 6 8 -8 -3 5
-5 1 3 -3 2 2 -9 -5 2
1 8 7 6 9 0 0 8 -4
9 6 -9 -8 -10 1 -9 -2 1
-8 -9 -10 -7 -4 1 3 -8 -3
-8 4 4 3 9 6 -9 -2 -10
4 -6 -8 -1 3 -9 -2 -10 3
-6 9 5 -8 -7 -7 5 2 -4
%matrice complete B
9 -4 7 -5 6 -10 2 5 4
-6 -7 9 -10 6 2 -5 7 -6
1 -3 -9 -8 3 8 -8 -7 -8
-3 -9 -5 7 -4 -9 -6 7 -10
9 6 -8 -8 8 -8 -5 -4 -1
8 -2 7 -7 0 0 -5 -4 9
-9 0 -6 5 2 -1 7 -3 -5
-3 -1 -6 -9 -9 2 -6 5 9
-1 -5 -3 9 8 4 -3 -6 5
%matrice complete C
-47 -32 65 -39 24 6 -16 51 -24
-49 38 -128 30 -51 114 -41 -96 -54
-49 65 -126 79 -78 96 -9 -94 -22
125 25 -20 -106 60 -73 -81 -53 45
-45 -27 -156 78 12 -129 -39 75 -177
-137 38 42 86 -40 144 143 20 -1
-60 -39 -90 -12 -27 39 -51 0 96
9 42 15 -113 -101 -29 2 72 -13
100 42 111 -40 -9 -34 7 31 -58
